[gd_scene load_steps=4 format=3 uid="uid://cuinu0k0ao0au"]

[ext_resource type="Script" path="res://scripts/player.gd" id="1_4j417"]
[ext_resource type="PackedScene" uid="uid://c0e27836xgmhi" path="res://objects/character.tscn" id="2_se2kj"]
[ext_resource type="Texture2D" uid="uid://8ggihh27mlrr" path="res://sprites/blob_shadow.png" id="3_ekwpn"]

[node name="Player" type="CharacterBody3D"]
transform = Transform3D(1, 0, 0, 0, 1, 0, 0, 0, 1, 0, 0.5, 0)
collision_layer = 3
collision_mask = 9
script = ExtResource("1_4j417")

[node name="Character" parent="." instance=ExtResource("2_se2kj")]

[node name="leg-left" parent="Character/character/root" index="0"]
transform = Transform3D(0.965926, 0, 0.258819, 0, 1, 0, -0.258819, 0, 0.965926, 0.125, 0.17625, -0.02375)

[node name="leg-right" parent="Character/character/root" index="1"]
transform = Transform3D(0.965926, 0, -0.258819, 0, 1, 0, 0.258819, 0, 0.965926, -0.125, 0.17625, -0.02375)

[node name="torso" parent="Character/character/root" index="2"]
transform = Transform3D(1, 0, 0, 0, 0.996194, 0.0871557, 0, -0.0871557, 0.996194, -1.80478e-15, 0.17625, -0.02375)

[node name="arm-left" parent="Character/character/root/torso" index="0"]
transform = Transform3D(0.707107, 0.707107, 0, -0.707107, 0.707107, 0, 0, 0, 1, 0.3, 0.175, 0)

[node name="arm-right" parent="Character/character/root/torso" index="1"]
transform = Transform3D(0.707107, -0.707107, 0, 0.707107, 0.707107, 0, 0, 0, 1, -0.3, 0.1195, 0)

[node name="Shadow" type="Decal" parent="."]
transform = Transform3D(1, 0, 0, 0, 1, 0, 0, 0, 1, 0, -0.9, 0)
size = Vector3(1, 2, 1)
texture_albedo = ExtResource("3_ekwpn")
modulate = Color(1, 1, 1, 0.705882)
normal_fade = 0.5

[editable path="Character"]
